5
273 93
11717 1417 11472 900 2385 315 2448 2699 11184 901 11745 2387 5984 2428 418 9443 11322 741 11396 9843 6007 11105 10287 4089 10532 10872 4346 9422 9771 5886 2361 10446 10242 9606 3165 4364 892 797 5050 2449 5057 853 769 2396 3826 11086 2374 5685 10388 9830 10282 3772 11206 4541 40184 10747 10541 11704 11814 3331 3178 10053 2427 1142 9913 2842 4406 884 980 848 10759 10798 2380 2398 10425 5708 2356 469 23951 4409 4363 6147 9829 3152 10310 11741 2481 9509 1139 2359 11683 58 9533
27 95
17829 10782 17457 2849 4903 17599 11277 5833 14383 4972 12559 1799 17957 12887 15153 4883 8528 2414 17289 8485 11235 15309 15302 14979 4960 4925 18313 17325 12614 17603 13060 18763 4804 12738 10397 14905 12576 17414 8493 4971 13833 4843 8990 11598 5292 11225 12704 4872 9745 2912 12648 2562 1778 12692 17719 10339 8354 18725 14990 14925 15561 15393 2163 15621 13580 8392 4754 12737 15587 14896 8387 17486 15491 4860 11756 17488 18403 32847 2421 12317 11248 18789 18774 12685 12601 2525 4959 14461 10268 1926 17444 18306 14897 2876 4815
29 100
8515 3270 5136 6807 10273 12052 13974 5390 47557 8287 8064 5194 6809 5593 10719 11792 4431 4074 10122 8660 10392 6776 11835 7901 7410 6514 5036 5158 4913 5243 3177 8435 7911 3427 5477 4657 9926 3944 11293 4935 6491 9869 6485 3862 8582 9849 4658 7844 10257 4572 12079 8188 5371 11798 8028 10188 6613 4753 11858 10108 6475 6591 10594 12517 6586 10761 11295 3306 6635 8308 4198 12014 5341 6488 4535 3328 9420 10292 5204 3283 5195 8274 10990 4705 3335 6694 9932 11290 4998 6327 8532 6663 4707 10927 5244 6481 8253 10611 10104 4481
52 80
10982 17202 13625 11476 22645 14801 18882 24769 14274 19486 8892 12269 11537 12525 12298 12977 11893 8863 14864 12280 13181 7354 11034 11480 15637 19590 6985 23544 14041 12936 8039 13097 11378 12951 12229 13931 12313 12989 8082 19599 11272 13648 12227 12275 13553 6302 7037 13123 22247 11711 22844 19490 11113 8110 12212 12220 12209 12191 12239 6538 8770 11008 8767 14901 11220 24907 11217 19564 13706 21015 14952 12162 14238 6702 13112 12250 13441 12159 6783 11464
26 81
43811 34050 33614 27152 38416 31325 33686 25985 28251 31252 36664 34004 33368 28304 36928 36250 26713 36215 29661 33663 36122 25396 28615 28232 28301 30832 28283 31311 42631 26040 31109 34104 36328 34006 30866 33482 34186 30257 40278 26344 34179 33703 42605 42782 30686 28225 33324 27050 40679 37485 34008 34036 25075 37035 38837 43836 36897 34258 31067 42569 28276 25335 25568 27617 39596 48585 25925 28106 31066 31296 31159 9421 34013 30836 33387 27323 39893 26711 28240 36554 33627
