27
1771 93
18164 9210 41737 6301 39628 7238 38753 21627 18258 59798 39605 18168 6020 9536 22140 38883 8063 9520 38194 40200 12148 37066 15010 17035 8000 42049 6213 21223 6265 37485 38758 38105 18890 41646 9496 38771 12062 21564 36968 12044 39221 39062 41751 9516 38889 18229 37440 39151 12033 41323 9500 9180 9473 13881 37471 7908 9323 21297 8537 41380 8039 9693 8011 37562 8065 46942 11530 38914 18431 8052 18404 21066 39353 38755 42027 8056 39753 9213 8064 21656 7991 13876 10026 23644 18196 12269 22483 39527 18200 37565 38781 36996 36851
890 98
32835 15724 44379 33304 38123 45625 38167 33687 10277 10714 15087 8017 32896 6374 7385 17181 2493 39748 11306 8293 4519 38825 32805 47589 37992 47476 16572 11160 7173 23717 8907 33427 14549 46653 16336 2440 145 17445 40185 36352 28474 16470 37862 38124 396 30507 47141 29534 15322 19243 46479 37079 6424 38211 38179 32937 517 38104 1096 27365 38177 32522 21302 36775 7164 28550 22029 45782 9359 34173 32414 10971 46090 39487 18692 16836 33856 63892 20868 6580 36143 15781 33649 16575 37959 37842 43584 16081 30005 33886 2268 38093 10274 16517 31380 47707 14652 59
146 97
28635 40599 34152 16706 43400 43415 21768 40347 27403 42973 36507 43384 19882 40329 59060 17555 22609 31241 17888 24818 23131 22685 16614 21276 43998 13240 21004 30243 15158 43247 37377 17020 31220 40380 38130 44045 30266 16605 17872 31280 17656 19559 44655 15605 16083 17299 39408 34419 39454 17115 16326 44304 17322 37566 31633 27219 37615 22282 20971 20071 43603 31283 17303 37224 37904 15637 26908 39683 16280 29078 17107 19625 33564 45027 43266 16569 37232 37518 21124 15224 17957 37673 16536 15607 40423 16062 34146 41603 15658 15564 43329 31327 16885 15363 17874 37741 31234
885 95
3117 35208 11713 35625 14947 45693 16218 3236 8162 4986 33712 41082 46517 29679 19104 35133 41214 40864 4252 46065 40610 39812 9100 35288 39949 35222 24501 39466 17909 40692 3058 47821 39940 40655 18405 32900 7287 15396 41889 31243 5380 3061 24934 14962 16305 45894 29141 31513 40931 30272 13553 40715 11944 4805 10475 29219 13542 15126 40890 21914 41192 15007 33459 29554 19649 46242 83732 41167 7727 45495 3066 29165 19567 41202 33267 22052 41188 41230 15902 41264 24995 14232 23282 3011 15757 40877 34325 40219 3175 11312 25098 41059 18818 31267 30863
18 99
5369 5058 5358 5000 5323 5781 4684 4112 5709 3821 4931 12003 5359 3962 3904 50320 5845 4835 1037 3292 4612 5013 4756 5497 5023 5397 5311 4929 5752 4671 4058 4892 5706 4755 4614 5059 2848 3778 3532 5016 4066 3983 5826 5908 4841 3349 4893 3948 5560 5794 3766 4636 450 5653 4094 3938 4121 5590 2087 5197 5591 3935 3250 4791 5720 4096 5457 25253 14359 3294 2014 5010 3951 3958 4620 5974 4866 1741 956 4694 4054 4056 3843 4808 4935 1702 4640 5692 4085 3243 4945 4002 5875 3769 4099 5878 3856 5784 5347
1121 91
38318 69671 25506 25849 30986 34726 28614 30087 42019 29967 33283 38100 25764 9896 25328 48059 35931 42350 30102 29379 47452 39041 26236 35601 47977 31716 28653 3016 28568 34101 36396 27138 34604 25484 31364 26316 35523 30325 32274 31833 25924 36541 25987 26027 41623 33235 30807 27385 3020 36156 41480 36460 27961 26426 44877 38443 25513 35921 34062 37654 25758 29789 36392 33657 29880 8570 34783 44177 31020 34102 31212 36148 28652 31427 34667 39815 27833 36925 25682 30955 39201 28629 34249 32024 28471 36641 27518 35961 40264 44344 24111
598 92
52488 29195 9975 8245 9227 28729 15534 38065 42491 42719 29244 24089 27016 42767 8781 40970 25293 39049 44013 28584 9370 42509 28720 10558 12845 12278 7800 28926 36920 15459 23203 17450 24837 29023 18627 37774 39442 25077 39536 39381 8697 8533 24545 9337 7651 10516 17066 12423 39336 17055 43670 14722 43703 15657 44367 40036 16124 23607 24984 42248 26378 44111 37912 31830 8982 14681 9507 29061 9843 26325 12297 17252 9954 14970 9279 39409 6171 42539 40564 26367 40068 44891 25141 19249 26454 9143 43700 20707 43259 42489 12274 47797
1702 94
17073 12418 6762 6865 9856 17698 17863 3176 20685 10098 9402 20409 9442 7546 8543 6822 7477 26671 22837 14345 10055 57196 17378 3761 9871 12440 6398 9535 9783 10011 13228 4669 15492 10200 6857 23505 19604 13029 19738 15350 18475 8906 5039 17961 15606 17242 8139 15371 4629 9791 8426 9788 18071 15462 19505 20351 18340 14547 3509 8312 2403 6851 15265 22523 9414 18197 17260 13940 7066 17717 20589 7530 4895 1246 12131 3108 22329 12126 9796 8937 16074 9854 8397 8165 4916 8908 14351 9724 21005 12187 4142 9364 6491 12490
561 95
30482 928 4492 37938 46280 1036 31678 4183 21360 43789 33646 20111 3083 45948 25705 25625 37275 61597 20026 25912 18665 31949 25099 4236 36899 1051 43542 360 37431 37097 18540 1386 998 20495 40196 25879 35929 46215 42452 20063 3159 1041 30213 30666 22607 30086 26046 30192 23220 22704 44420 33238 74 32468 37523 289 20502 21105 25898 22731 569 18458 22173 36890 22563 21048 36978 21212 4563 1647 682 31150 18659 25510 31646 29624 37448 32766 21727 18707 32604 18680 38653 20246 20579 775 32992 1121 32868 168 4646 22691 22591 23597 22828
655 84
38585 42965 43076 46225 42986 38488 30295 43785 33457 30945 38809 44137 32386 31656 38404 30276 33136 33540 33476 38087 34043 46516 34081 45920 30929 34037 44189 33118 44415 46367 32431 46388 34154 46428 33112 30870 38091 30418 32233 38941 45537 30699 37835 30940 34090 37612 38324 33480 34202 43212 33485 43005 36185 38383 42959 38137 38152 34353 30980 35959 31632 30412 46377 38975 31184 38376 46298 43999 37636 30368 45884 45993 32401 46309 55649 40561 33009 45517 33935 38276 32363 33626 38736 33501
345 93
8339 14817 1139 14894 19514 3641 3889 9125 5038 19597 1133 10116 13210 241 199 13125 14070 3442 19454 4812 14385 311 12907 188 20610 20935 3385 14459 8860 8997 1282 12867 14430 8843 1468 14387 11421 20537 197 14012 9015 1149 10639 10351 19468 343 12538 296 2770 57437 12056 14325 23890 12841 20933 12214 14957 1424 1402 19320 11891 3547 223 245 21010 14112 3390 9014 14040 8366 13613 309 19989 19679 12837 19844 9880 19116 9728 14899 8611 19152 1166 19502 13630 19123 1221 12220 18991 14100 6016 27606 9899
650 91
35478 31687 332 870 1135 6348 30463 329 31747 35864 752 8320 588 770 13273 31921 853 6298 31787 34509 31966 34158 1194 19111 34308 22088 35695 34247 32287 30496 35149 18533 31898 12577 34122 32631 32142 31238 31749 31281 44919 30876 34321 97 31562 32289 15258 13222 857 12504 18526 99 30094 34975 34142 35453 799 31155 9797 30764 1034 31969 15514 7965 30902 1213 35217 31765 13442 30480 30196 34134 36006 32278 11707 30901 8678 13120 918 35451 16315 12695 30016 76657 15891 31683 1077 31247 13439 2543 31296
1606 94
7097 19100 4395 7091 33199 7061 32155 30687 16247 43264 42926 5183 91804 16314 42848 36103 23446 27789 32305 7050 10209 22749 31041 6922 17487 34508 23031 25676 36331 27897 3628 17415 36654 6811 37976 35747 20109 44009 30375 23033 7180 42727 15620 30469 7336 15909 42826 7288 6849 18150 6907 7147 22797 23069 6877 31065 7112 37640 16764 18569 6954 6130 37644 22901 30365 36502 7108 24987 31024 18054 16638 33869 33148 6055 38158 17773 7450 6775 16215 18184 43556 36138 43253 8945 42183 42822 16393 33672 29942 20663 25500 36479 30210 32489
1344 99
9541 27721 7646 28670 21247 28824 11924 9697 9668 9436 9016 13994 13693 28816 31915 30854 35663 11140 35020 35039 16402 9470 14649 35089 32549 27800 12232 30315 10344 9890 27228 28692 9659 21150 28689 27737 9440 9676 28862 28289 13116 27610 9547 30206 16384 35052 21672 10998 9900 28843 31271 21348 28203 27436 30532 9562 11974 22000 21841 28863 10764 34996 18012 16101 30204 28632 28699 28370 13166 32217 9412 9635 46672 27083 21862 28678 54902 22506 29073 10130 9559 30694 9751 9356 35259 31354 21850 30550 17512 12696 28030 10058 27492 29487 28882 9484 11286 32073 10181
98 97
7623 11304 9577 16796 1783 2475 235 945 2471 10676 477 402 6106 5415 7198 773 2284 1466 22912 8192 14601 9503 12324 1846 1801 10257 10771 18748 273 11524 9990 12330 497 7595 1225 9987 262 6583 9917 10052 1693 9782 22911 9074 717 8715 20193 12393 1328 6309 13633 1880 23235 1551 11992 2408 2450 38636 1784 1285 2663 7669 19146 150 2376 12462 2866 1106 1747 789 11895 2720 1250 10107 14638 14102 14481 7692 754 54993 9588 1723 504 1300 13557 1705 7592 7181 1854 11435 6091 2732 2483 12359 2388 6143 11998
261 89
17927 5500 15240 4542 5583 12607 37031 27398 46271 27196 5472 27490 47754 18173 42599 42254 44630 4566 27360 46839 3312 31022 27155 31009 36966 46061 13799 20922 14268 29011 5975 46069 20313 25838 44650 44888 46884 27530 46963 13347 46132 5925 33675 27489 15222 27500 42218 4716 5881 27234 27080 28014 6181 27795 12076 42203 27571 45107 27441 3763 40941 27252 16375 46701 46851 27578 44134 3817 5573 30291 46974 27158 5464 20163 27472 27361 64298 5885 27459 47151 27464 14996 32683 42416 3891 13032 5226 3834 43572
54 96
12152 16032 39241 30579 45144 38652 3141 31043 13610 2240 12759 10915 12082 2630 33189 47263 12860 46497 41010 27811 2838 28260 12358 14241 23138 46391 17202 40451 16477 17183 47189 28693 14171 33357 17056 16405 4282 17999 8016 25011 27666 8514 37746 27664 30098 29456 25815 25850 33375 13726 46457 39092 2308 12526 26056 7919 25738 35900 12506 16339 16738 37979 12793 38544 30251 91764 16046 47532 38711 16830 45839 25256 45346 46447 31941 16142 27227 28746 15171 3383 2773 13188 39430 34813 16732 15983 8652 8545 3581 45875 46113 14248 24699 46089 7213 5941
1554 96
234 36669 33653 17675 727 1912 10909 36663 33846 34018 34276 43326 10259 28495 33150 36679 18565 36715 36667 34388 34309 1958 17682 2341 18239 36732 23484 36129 34333 12936 36190 22903 18390 12296 22277 36690 12338 23454 23460 36731 27379 23422 36421 62191 34305 27824 36423 27082 11000 27123 11947 20165 33948 36693 12226 34324 33193 36777 33867 15971 18137 33392 22902 36664 10042 39588 9823 34293 34004 1882 33108 36422 1978 28160 1834 337 36720 36283 33194 27639 17390 521 36356 581 22645 17580 17769 5681 36726 36155 36728 35443 17960 17768 9801 19839
857 91
32853 37601 5106 21576 32743 18523 27926 20960 9366 19177 37901 18291 10434 10303 28319 30636 39909 8279 18412 19002 37020 40704 19968 40982 46818 32826 8307 32316 32627 8485 22304 19941 8554 4234 8375 9027 44750 28303 8461 22125 8758 42637 30445 38106 42791 20305 35903 19932 33044 29175 89572 21759 19062 37469 831 4089 31514 30234 20583 28042 46264 36357 20460 2771 38188 41530 40242 30058 18655 32336 23618 10389 28912 9040 19548 28212 21793 42735 39906 8630 45954 30224 18753 29950 40014 9508 10363 203 11819 9054 48010
1693 91
39915 27535 27404 27304 39942 27448 47047 25391 28372 24442 27433 25558 45813 24700 29348 29060 28017 37744 29217 28253 42798 27265 25247 27531 28771 28398 29659 44683 27271 40071 29264 27351 29340 29168 34227 40977 24562 25403 27637 27449 27285 40441 24404 29661 28905 28770 24329 24151 46763 27418 45879 29764 37604 45311 38887 27907 27272 37332 28825 29460 38588 27446 74999 42031 47944 45786 28784 29369 37382 27813 24074 46720 40662 29362 27294 26788 27896 38273 38568 46785 28250 29660 25034 42160 25081 39661 37418 41795 45422 28991 28723
1577 90
26207 24942 47561 48045 25217 42241 26350 24940 24965 26899 46646 26839 41549 47226 47455 30706 37459 25307 26416 26431 26449 47708 36132 25194 41407 41732 25989 25140 47074 26397 26181 26267 47499 26038 47530 26242 41562 41588 25354 41408 47493 26232 38367 42018 25392 41744 26252 24997 26400 46861 41628 46671 26866 24961 25116 47076 24939 25249 25303 25967 26754 25129 42067 24947 24913 26370 41431 47405 25320 47542 47188 46718 36813 42043 26220 25997 24943 37450 43905 28155 24985 26419 25352 25982 46645 70907 37509 24910 26286 47383
436 88
20271 18570 21071 13323 4386 3854 23616 12323 3991 5648 902 2314 22378 5670 3648 22744 20289 13075 8532 18510 22519 15809 22779 15865 4792 18516 22757 708 12885 23970 1510 5926 12045 15633 3542 15868 1780 1506 1929 2024 50 1663 3010 94982 16512 15869 1378 5005 12180 21020 4253 12641 22710 12058 336 22205 1228 15974 22754 14493 557 21679 22160 16447 186 3297 3921 405 1052 20946 5123 23550 3154 23414 25002 23738 14097 22723 23268 642 23789 3575 4033 285 18557 1451 5730 1527
1990 81
1509 34466 26755 41827 8403 24904 24161 27354 2805 4700 30236 4447 30307 13072 14575 12913 22285 30293 13260 26938 4850 14006 13169 6603 7009 26673 997 26323 8429 27868 11548 189 24912 8012 4119 12594 28466 8759 4953 33273 27221 29707 33281 25714 26274 25051 7131 30391 3718 27461 25586 27877 1434 8561 32118 1098 34780 15808 8602 27905 35464 32715 27659 8372 1683 13662 7 32440 14140 7205 1601 14290 33807 4330 25192 12735 72616 5977 25735 30930 12147
1017 86
39403 19772 36402 36254 41205 40810 1339 40873 46181 38681 36710 36195 18361 38611 1796 19590 40828 41637 38116 19707 12375 36714 36258 36735 36262 39294 36272 20222 18191 21537 38307 19918 2564 18353 40815 38593 40619 37438 38190 37439 608 2481 39396 57 37490 39057 2890 41006 38615 41578 39035 19689 18247 539 39374 41587 36201 41551 40834 18695 38027 169 38048 37333 42080 19553 41550 40645 1709 18194 37493 6888 39155 19893 40632 39413 216 41699 37586 37322 60028 36453 41570 18343 18142 39205
136 94
26572 32527 30416 28226 28043 28237 25370 30963 29568 24679 29330 27827 26883 25340 93427 29527 27835 29530 29581 29422 28133 28012 33697 29574 28188 24126 25474 24702 28485 25919 29553 29378 29373 28472 34767 28050 28107 24681 28156 28179 29426 29354 29469 29550 29488 29497 28441 25386 24678 28219 28463 29343 28556 25567 29570 28163 25851 29397 29540 29489 28427 28276 29482 26360 28131 29352 28109 28082 28027 25358 28419 25901 29339 27143 29454 25861 37935 29604 27397 28129 27871 28549 28246 29565 29585 28044 29329 24455 33006 29701 25951 28225 29383 29443
1915 78
41211 13535 36712 17256 39934 36483 20968 16883 16547 40235 13163 13529 38077 38156 41287 37022 12060 41108 12866 17691 40357 23968 13336 44536 12530 13042 39870 64565 36581 39524 17531 21640 39314 12441 40096 38023 39347 39333 13467 13522 12105 13030 17584 12548 17308 40115 37982 36749 37131 37055 13088 40882 21891 13484 41345 12909 13454 38461 12795 36738 23362 17568 12035 40162 36964 40467 23687 38581 17557 41066 37988 12975 41661 39650 16554 36748 19931 12739
447 92
85107 29100 34595 45888 44019 45885 39215 30093 29824 43393 30232 46496 31390 32402 32836 33088 31993 24863 24627 30520 43361 40894 33422 31660 47739 37264 35579 46028 36477 29198 24195 25776 39428 36675 26407 47832 43541 39468 36908 43137 46043 34265 28976 30587 37244 24119 31691 28595 40679 48094 46039 39283 45950 26244 43360 33232 43363 36564 47193 38168 39410 40752 36767 34025 43378 29276 24437 43035 40007 46055 33159 29159 46892 38891 40833 35256 30269 40672 25734 32920 34793 33196 26179 42914 46759 35700 24078 39214 40805 46014 43094 25383
