12
0 53
12272 12391 12789 13630 13636 14296 14395 14572 14708 14996 18520 18634 19085 19350 19861 19870 19911 20887 21257 21298 24010 24116 24349 24456 24837 24984 25427 26026 26088 26960 28821 30299 30741 31379 32208 35493 35748 36933 37951 38308 38867 40623 40682 40894 41364 41379 41399 41434 41456 41626 42305 46842 60641 
1 51
1509 1531 1598 1644 1743 1793 2326 2333 2381 2780 2961 5524 9262 12989 14689 16563 18451 21588 22433 23069 23222 23834 24023 24905 24937 25126 26239 26916 27130 27280 27295 27400 27802 29067 30184 34501 37280 37301 37490 37493 37580 38443 38686 40212 40999 42738 43006 43203 43442 46533 61507 
2 25
12246 12452 13871 14534 15429 15466 15563 15946 16345 17322 17419 17817 17988 18584 18959 22999 25655 32363 34510 41941 43027 43785 44511 47086 66881 
3 87
24131 24246 24400 24401 24662 24680 24832 24844 24865 24878 24910 24925 24928 24933 24954 24965 25429 25586 25590 25595 25617 25621 25646 25658 25720 25928 25945 25982 26049 26104 26144 26166 26203 26287 26294 26915 27297 36566 36621 36729 36767 38219 38258 38315 38379 38484 38538 38899 39171 39174 39214 39287 39317 39355 39446 39777 40283 40842 40896 43355 43386 43390 43431 43481 43527 43528 43533 43546 43547 43550 43553 43555 43556 43569 43592 44169 44921 45039 45416 45463 45918 46230 46385 46551 47032 47119 84170 
4 13
892 3452 3764 5051 18830 19854 25472 26602 30463 40467 43109 47714 90473 
5 86
145 260 595 658 665 668 680 929 1798 1822 1895 1956 2451 2553 2655 2907 4306 7177 7215 7324 7372 8492 9312 9368 9559 9681 9800 9819 9858 10444 11847 12270 12365 12366 12387 12419 12940 13736 14147 14993 15933 16437 16625 17019 17858 18715 19317 19604 21707 21792 21855 22572 22725 26421 27228 27384 27514 27682 29587 29620 30086 30422 32239 32893 34456 35112 36713 36796 39733 39865 40174 40325 40554 41786 41909 42234 42274 42663 43789 44925 45129 45342 45698 45713 47098 83997 
6 69
12678 12716 12726 12728 12729 12783 13202 13260 13330 13660 15281 15423 15444 15448 15449 15581 16283 16546 23796 24486 24783 25147 25228 27079 27101 27168 27354 27365 27392 27410 27613 30535 30613 30702 30757 30835 30845 30875 30890 30977 30980 30987 31067 31469 32465 35225 36444 36706 37401 37554 37907 37966 38264 41833 42930 43864 43865 44281 45215 45240 45468 45488 46248 46252 46330 46412 47238 47494 67946 
7 96
3434 3436 3454 3462 3468 3571 3577 3716 3736 3740 3748 3765 3867 4065 4143 4175 4185 4370 4426 4511 4515 4523 4544 4700 4735 4757 5079 5083 5084 5090 5095 5098 5100 5101 5103 5115 5118 5262 5273 5339 5688 5714 5716 5761 5784 5785 5799 6000 9788 12081 12648 13407 14712 15102 17302 27334 27735 27858 28424 29240 29540 29565 29570 29637 29657 29772 29880 29955 31960 36154 36372 36711 37808 37819 37915 38047 38889 39087 39119 39258 39337 39411 39444 39455 39621 40248 40285 40293 40295 40326 40376 40504 40600 41140 44860 74567 
8 78
913 6602 15239 18817 18901 18954 18957 18983 19359 19367 19479 19864 19989 20040 20912 21166 21291 21344 21795 21877 21950 22087 22089 22292 22498 22520 23500 23555 23585 23597 23600 23622 23626 23666 23669 23675 23677 23678 23679 23797 25853 27108 27196 27801 30150 30155 30329 31101 31636 31672 31954 32129 36306 36485 36718 37379 37404 37434 37676 37916 38436 38883 39253 39499 39574 39577 39635 39645 39646 40059 40079 40133 40192 40236 40483 40560 47505 86266 
9 55
6167 6230 6663 6667 6952 7054 7729 8324 8420 8632 8851 8973 9450 9694 9755 10164 10242 10434 10813 10815 10817 10977 11195 12160 12176 12177 12271 14292 17053 17092 17437 17529 17531 17654 17724 18234 18289 18293 18532 18613 18752 19661 19748 19803 19852 20092 20317 21031 22046 22248 22510 22803 23202 44400 51249 
10 12
2628 3613 4527 8885 12491 27513 27646 27830 27836 28460 29524 90142 
11 88
1921 2035 2210 2216 2249 2832 2891 2931 2945 2973 4150 5833 6298 6420 6744 7307 7340 7451 8451 9130 9650 9937 11389 13565 13640 13965 14909 15045 15394 15604 17488 18430 18878 19104 19176 19589 19597 19617 19811 19928 20001 20049 21124 24110 24140 24696 24699 24788 24990 25162 25210 26335 26559 26849 26888 26975 29192 30838 31026 31269 31424 31597 31909 32174 32807 32810 35581 36407 36432 37253 37863 38526 39006 39223 41398 41494 41507 41825 42608 43153 43181 45876 46023 46901 47497 47571 47658 52609 
