197
0 13
1599 4346 6990 30723 45608 45948 70546 82022 88544 91997 94192 94356 96767 
1 19
4770 4989 13706 22277 26185 30294 32904 36109 43193 50324 51943 54693 57868 64718 75323 81515 88985 89494 94334 
2 18
2833 7100 9041 11192 16023 29805 35387 59105 70281 70856 81548 81874 85500 86566 88815 95109 96619 99122 
3 13
1441 4982 6008 19769 23414 28715 49233 54205 68679 73436 75988 92770 93556 
4 12
3437 7431 7521 14116 16808 24927 39112 50423 75782 84490 88055 89089 
5 16
14459 30091 31929 32713 34776 41431 47081 48874 62891 69906 70553 83777 85820 86009 90613 98759 
6 15
46 1006 2535 7756 8469 27549 27899 32000 40065 47182 52588 76032 76192 78614 92011 
7 20
12603 17095 21142 22656 27984 32082 37050 37092 37266 40419 47086 50744 63360 70688 71696 79184 84296 87022 90821 95812 
8 12
6488 9995 16557 26670 28843 29784 44699 47723 53591 55075 71854 82683 
9 19
15538 18888 21205 23584 31528 32264 35949 38744 51373 64402 67053 72742 73654 75171 83380 83907 90178 91115 95375 
10 10
2967 12532 14256 24649 25447 36199 38822 40578 42576 77591 
11 18
4869 8607 27005 29132 36879 38257 46556 51837 58221 67649 70210 73881 74826 77382 82602 83794 87231 97198 
12 13
3072 4986 14869 16384 19620 20226 23189 34570 37212 42296 45929 74644 79461 
13 16
292 14748 19001 22579 25167 33975 34910 46105 54831 59458 65060 80223 80593 84405 90680 92709 
14 16
7166 10793 12947 24976 27676 29824 33620 36842 42278 46235 55357 57106 70476 79169 86966 92796 
15 13
1051 2196 8913 12330 17740 17745 21436 23394 29618 34990 59740 83108 97244 
16 18
12081 14484 19163 21273 31044 40720 45051 45060 46212 46573 59477 65538 66289 69365 78933 79317 80933 86246 
17 11
260 7594 16957 25571 29228 44591 45853 51970 55850 72496 96442 
18 14
29586 35169 52255 52395 55842 56601 64396 69057 73308 74125 74997 75224 80302 98878 
19 20
289 2596 10987 15417 31923 33832 34109 41297 45938 50289 53043 53181 54031 57153 59697 62074 77516 82303 84320 84845 
20 18
6642 17453 21904 37314 45286 46404 54112 54544 56269 60514 68344 70902 79689 82710 83263 88220 92494 99671 
21 11
3458 12190 12966 26628 35891 47189 49514 64318 68435 81905 90246 
22 12
2491 22817 28374 44960 52246 61262 72092 75945 82315 82744 92610 93602 
23 15
21213 22914 26113 26317 30360 33117 33589 37676 41636 47054 51430 74428 79922 89639 98955 
24 20
264 480 1864 17724 29104 33209 37301 38835 44558 46348 46741 47774 51615 62132 67938 68370 77741 79114 88984 90615 
25 13
5898 8959 14449 16523 26816 28562 31263 60620 69060 79583 87370 87786 97951 
26 11
18513 21296 28825 31193 33647 36834 38644 55793 57812 79353 89591 
27 11
4210 6037 16616 26450 28774 31660 47183 60124 60997 62977 68826 
28 16
3516 4431 4816 6372 8020 15591 31037 60398 73030 78067 85083 89282 90587 93781 95507 97303 
29 18
12708 23600 33042 33336 50056 55674 66311 68449 68691 69361 69534 77350 77682 80009 80532 93750 97733 99675 
30 10
2933 8490 18368 20501 38354 56455 60328 77688 79533 82894 
31 14
13425 17547 22987 27105 41476 51917 54387 62359 72520 76529 79809 81525 82457 93376 
32 10
20014 34352 38606 41228 50751 60474 80734 90270 93731 97929 
33 13
14856 16578 21653 30297 34019 37618 52455 65864 67446 68835 69331 79505 92382 
34 15
6351 22903 27800 34868 37051 54026 58167 66243 78776 83619 88521 89682 94768 95869 97750 
35 10
7718 14697 16035 17816 23008 34846 38402 39949 45746 52920 
36 20
2357 18738 19921 25237 26631 26656 30060 35593 38217 43003 46868 59274 63319 73880 77963 78426 89878 95899 99462 99914 
37 15
5214 23993 27304 35308 45921 47505 48474 49544 51214 56840 72136 72497 75287 84584 87774 
38 15
734 5620 8915 10335 21305 21768 40183 40728 42521 45134 51190 61902 92416 96167 97654 
39 10
6160 40361 42324 51883 52877 70955 75554 80241 81581 83488 
40 18
2068 2214 10041 18317 32351 35481 36966 48977 54496 54819 55044 56150 67314 71595 72243 74784 80961 96238 
41 14
3373 7546 12876 14650 23935 45821 48005 48148 55220 81687 86914 94664 96798 98655 
42 14
4919 5504 8725 10211 29654 37126 64401 65467 72038 75269 75467 83940 89954 93173 
43 14
1300 5579 12029 17070 28951 34357 39292 40922 54371 76079 80189 84351 84667 85041 
44 10
5774 41077 42293 42450 44184 47089 55186 68663 70619 99995 
45 19
4932 5047 10583 20500 21814 26758 48669 48991 54179 57568 58149 64975 70497 74095 75469 85937 93604 98282 98809 
46 12
1130 2364 10254 17495 32725 49565 60840 70560 74102 86148 91066 96398 
47 14
2269 13417 13740 20888 27863 31594 37406 40678 56843 73541 75264 82166 88949 98468 
48 13
18532 20457 22992 23765 25194 35013 36919 54540 58936 60186 67080 83383 97064 
49 16
3282 11201 26234 26899 35301 40180 50600 54114 70836 79071 81299 85191 88738 88974 91945 99402 
50 13
10110 16855 17550 18611 25630 29395 39797 41246 42774 61638 68416 75002 84778 
51 15
1232 7612 21756 24139 29380 30233 41132 44207 45737 46326 56863 80425 84968 86536 94821 
52 19
18026 27381 36808 42359 47297 58568 58885 66143 69736 78912 79233 79254 81132 81158 82886 83658 97294 97618 99295 
53 10
1061 2478 19871 27198 45897 56156 60488 61098 67042 70968 
54 16
1443 13920 16396 24468 25896 30585 42403 49211 50638 52778 66803 67037 72890 81349 84312 97254 
55 19
462 2172 2612 12794 13647 26334 30150 30930 34149 37240 44334 49673 52714 54182 68662 79878 88101 88825 95128 
56 15
1975 5487 10723 23611 28047 38063 41258 41616 44576 50165 73146 73709 80656 84270 98966 
57 15
4593 8238 8335 14344 15748 28989 38013 45617 51330 61102 64713 65665 73651 86607 94422 
58 15
4043 17962 20337 26116 29746 38991 44540 45516 54095 73007 76612 82981 86222 92131 94469 
59 11
11293 25403 26167 31042 31296 31352 50747 67259 87610 92948 93898 
60 18
5240 5746 8637 17013 28871 40806 46319 48671 49316 52034 56812 59363 69273 70657 72477 82467 83752 94087 
61 16
270 4280 10448 17897 22628 26401 26630 30734 38128 74641 78493 81777 83635 91434 91850 99911 
62 13
19676 24209 25446 32276 33960 34883 38034 50167 50224 55153 65506 74295 88391 
63 17
16242 21716 23223 25008 25965 28879 30165 33416 34920 45240 55968 57221 63248 77140 88126 92940 93113 
64 12
11463 13012 24964 25621 49651 60409 60687 63368 67599 71728 76638 96345 
65 14
4722 17981 18896 21926 24590 36630 38511 38890 44760 53992 57130 57220 59303 90454 
66 15
11335 13197 15998 22348 26607 49758 54391 55593 56934 61868 69045 70205 72416 77667 83824 
67 20
3776 8420 10379 13875 17819 19160 23088 29957 38474 43389 43532 53171 56251 66461 70823 78606 80138 96609 97315 97380 
68 13
5298 8566 10197 31459 33438 35280 57548 62543 66584 73468 79229 85163 94481 
69 13
5808 11810 24952 35067 51531 52387 61389 61912 65739 68154 84681 86023 92147 
70 10
6291 9993 23731 26928 29436 31812 64567 71576 76432 83527 
71 11
6349 39726 40430 48167 62816 65594 70663 74881 75318 75600 85486 
72 19
4102 4881 11162 12452 16099 17698 38635 46450 48253 52737 54942 59615 60433 63639 78903 86298 89314 91093 91784 
73 11
20938 22148 30379 61346 69928 76043 78262 79103 82289 88601 92750 
74 13
1629 11804 17935 20945 34196 36552 42042 47298 52742 56128 65769 67280 99556 
75 12
19632 22522 28823 28878 43652 43815 45665 65236 72551 80304 90752 92243 
76 17
1634 7302 19617 21821 36898 42055 46769 54818 66622 67143 71229 77142 81635 91509 95928 98446 99304 
77 16
3940 11143 11920 26220 44790 45201 56177 65743 69743 70261 73982 79616 81909 94272 95141 96432 
78 15
5862 6719 7306 12249 14333 17734 20552 25169 25401 43271 51814 53839 53971 54051 74517 
79 12
3069 5547 9743 15601 17409 20294 34003 40712 68010 81522 92238 95827 
80 17
5458 12030 13772 17457 22662 37071 37356 46439 46553 67483 80494 81956 92650 94117 95825 96007 96285 
81 12
10508 13133 31915 36541 40496 44840 46586 50496 50891 62136 83633 84897 
82 18
5893 7065 13415 14052 19844 21704 22224 29937 31572 35441 48471 48886 56986 58931 63147 75523 80234 99404 
83 15
13463 17989 20825 28287 31628 41578 43912 65409 68141 72666 73003 80483 83179 85294 96069 
84 14
18348 18411 33692 37438 37440 41018 45810 58794 71298 82077 82737 90543 90842 90880 
85 16
6616 15863 19037 31742 53643 53981 59997 64587 70641 77360 83166 86169 88729 89512 92115 94608 
86 20
3767 7112 7957 10795 16121 25588 36423 40976 41539 42084 43935 47605 49254 62817 62883 72443 85049 92133 96175 99786 
87 17
2467 5534 21592 25699 27257 28830 34907 41079 44709 50480 50554 57561 71808 78681 85988 98047 98751 
88 19
8235 9925 13921 15842 16004 16584 26920 28074 30039 42841 64710 71517 83567 83687 85299 87879 92257 95943 96717 
89 20
5836 18455 19047 19252 28626 29904 32438 39105 43448 44708 66447 70486 72340 72941 74429 75415 82939 88628 93351 98228 
90 18
1478 9142 20587 23367 30424 37135 37417 40872 47964 52541 64411 65404 72951 74876 83735 84496 95653 95721 
91 12
4615 23080 38927 45233 55882 62289 64959 65828 70086 71046 88836 94831 
92 10
9131 20672 23932 33545 37274 42710 57354 73669 76538 87154 
93 13
4096 15573 24351 27779 28596 35757 65081 66888 75406 75812 84902 96941 99230 
94 10
10541 20853 25513 30997 49421 50346 55136 63335 77339 87974 
95 16
7894 8874 12691 13609 18287 19764 28427 33411 39472 40182 50831 56045 58970 60413 73754 82406 
96 10
17801 18674 23281 28444 47636 64405 70781 75670 89929 98580 
97 17
245 2920 7252 17919 23593 27478 38272 43486 47920 51358 51506 58859 66523 68520 82800 89792 99357 
98 19
3001 4622 6296 6464 12862 13143 13795 26827 42700 46925 55650 63141 64688 70163 72853 73377 74203 91507 96616 
99 19
3713 3811 13297 18402 25149 26285 26327 29369 31486 44803 50722 60018 67664 72002 81800 82110 86942 89918 95493 
100 12
20998 25238 29372 31311 32900 36106 67697 67960 71020 73596 74537 97288 
101 16
16959 18985 20446 25582 32249 34930 40385 43781 54173 58595 69032 70616 73147 77210 78088 95514 
102 16
7711 8585 11885 14504 19046 19152 35003 35456 52354 53312 53568 79514 85069 98585 98603 99980 
103 10
3032 5350 37898 45409 46225 46425 69443 71029 76913 97035 
104 18
465 1385 4844 8094 8280 10565 22166 25130 25835 29800 33150 34586 40195 44000 57272 71482 91304 99872 
105 15
10607 24002 26600 44148 45152 48768 51447 52938 55294 64936 68037 78249 86995 94910 95504 
106 15
3165 6056 13369 20920 23403 27316 30504 35643 41833 48513 55820 58193 59881 69932 91734 
107 14
321 2626 11429 11806 13672 18315 33607 48205 50847 52031 61850 79550 82899 92509 
108 11
8220 8632 14480 24025 32057 40746 41571 56137 69831 78709 78876 
109 17
1127 6005 6688 10753 14563 28527 31234 36017 36814 44771 53431 73208 78690 80047 83469 96201 99720 
110 14
7453 12100 18543 18974 34514 55957 56354 58343 58432 58455 60416 73627 88693 89159 
111 14
1559 1692 8792 15253 20320 38153 40466 45472 55457 61427 70445 78382 79430 97759 
112 14
11114 17832 41284 41452 44301 52160 57312 63369 70867 72141 77268 80378 80573 91132 
113 14
2276 8503 9627 16236 30326 35056 42133 49465 54612 68216 75868 77780 90830 93279 
114 19
7639 8251 14111 14525 29038 32683 41848 50222 54042 55582 59624 74510 83346 88592 88823 90368 92495 95957 98444 
115 9
5443 15264 44635 50746 55235 58775 60419 76397 99249 
116 12
1333 17844 17924 20463 35172 36649 39838 44003 73207 87578 90103 90934 
117 12
650 1511 5922 25033 47988 60073 67040 70006 77041 77334 77801 84600 
118 12
10454 11010 12280 25685 30661 35787 37300 38829 53367 64898 68736 82617 
119 10
14639 40858 54033 59319 72291 76328 86752 88914 91459 91944 
120 13
12429 27146 49199 49381 56191 65040 66258 75355 75472 75512 86511 87492 91445 
121 13
7974 10942 11099 19182 33377 43329 49864 51179 55971 70547 74932 82704 94287 
122 10
12344 13385 22078 37843 47800 55902 70053 78834 89613 98090 
123 17
7972 10348 15639 18185 18576 20738 22966 28135 36267 41563 50208 52104 56091 58430 67345 72176 93122 
124 19
1761 14060 14797 15396 19998 22781 24050 24621 27245 42217 50535 59965 61355 72008 73992 85089 90452 95809 98554 
125 19
656 5506 11431 11494 13083 17310 24320 24555 25834 27867 33912 35507 36357 38475 42699 45043 52647 61022 98081 
126 13
25398 26235 28788 52847 60367 60661 66217 78172 80097 80486 81361 82184 89595 
127 17
9848 10965 11703 18172 18764 20962 36716 38323 38728 39249 53975 57584 58210 59620 61255 77830 94790 
128 20
1909 3846 5254 12263 23700 24791 25020 37425 39851 52782 59641 61270 64844 65396 70280 75475 76845 80845 91524 97901 
129 19
354 1657 3088 6860 21181 33848 36695 37171 38127 41535 46338 57394 60713 64007 72054 72361 79097 80185 99552 
130 11
15660 18406 23705 52276 67453 74051 78198 78772 83421 87349 92828 
131 17
6272 10523 10950 24483 28985 34517 34978 39690 46392 56828 71666 72352 72683 76953 79822 85533 93985 
132 16
10227 18058 18120 28635 29668 31805 45033 48109 56677 56716 74613 79832 92123 92316 92607 93114 
133 18
7565 10438 12199 12428 21351 33453 33861 45686 49987 55070 74057 78260 80314 82122 84646 86155 87782 91673 
134 17
403 5737 9886 16075 19313 24980 28793 41101 45846 47633 47729 61847 64887 67647 74298 88870 95907 
135 11
3207 5639 10386 29083 30895 35987 54535 59512 60779 62166 92939 
136 20
13761 13762 26421 30890 40032 43787 44802 56992 58009 59229 59705 62274 71630 77442 80739 82340 89139 91654 96918 98607 
137 10
4851 5902 32272 34194 45131 49521 50676 57414 98244 98310 
138 16
1245 3257 9876 19494 19752 26228 32701 38349 46999 59784 71658 82677 89306 89877 90963 96122 
139 15
2234 4072 4884 7340 12298 29872 34165 35989 46684 54397 56343 59516 59816 78308 87626 
140 15
2293 10582 15021 38144 38510 48853 49928 52046 52687 63228 69001 70493 81310 81907 89909 
141 10
1616 11061 21027 27534 33554 37098 42032 52135 61373 84401 
142 9
25320 27708 29870 41397 44876 52504 69776 70926 72905 
143 13
279 2562 5193 12602 13638 39825 49036 52677 60993 66161 66255 77545 83523 
144 18
431 5168 17601 19783 22337 36936 44290 48185 51871 66224 68050 74147 81337 82815 82951 90129 92868 98171 
145 13
2947 8761 10017 11501 17792 17911 18171 28599 34266 42861 43739 83509 91336 
146 20
14602 25537 31293 32080 32433 49939 55777 59044 59664 73002 73303 74324 75714 78738 88980 90250 92092 93095 98354 99600 
147 17
10586 14550 19749 22178 25669 35845 37483 37740 52718 53926 55169 63425 73296 77014 85475 88118 94927 
148 20
1799 19015 20919 24662 27152 29002 31811 36932 38119 39506 48041 54912 58781 62178 73136 74244 78251 80395 87691 95553 
149 16
165 4532 13717 18366 21703 23806 33639 37295 59973 70882 72293 91683 92056 95315 98219 99669 
150 14
4579 7834 16000 16788 33273 47914 48953 57972 63625 78811 81884 93103 96450 96729 
151 19
3581 4080 7135 8997 32877 38722 45838 51485 51752 52988 65393 71319 71380 77181 79395 80806 88713 90385 96716 
152 15
2597 6495 7397 19748 20883 42955 43075 45217 52014 53098 54813 79562 94552 97066 99881 
153 9
14383 16176 20927 47900 52612 52957 79354 85745 87655 
154 14
5007 21049 42915 53038 60864 61596 63052 67699 70841 75769 79976 81495 85080 92325 
155 15
401 9061 20637 23530 35375 40826 41601 56899 65765 74994 77765 78110 86273 93499 95233 
156 10
1251 13469 15885 20438 36043 42859 46885 47307 54977 65197 
157 10
28513 37367 38214 50132 54386 54832 76461 78510 82967 93822 
158 20
7136 9689 18337 18840 24685 29961 37704 40091 40916 41869 46500 51773 54957 56358 59124 59994 74345 76297 80158 93386 
159 16
1475 2286 5647 17575 17971 28313 33318 34480 41696 42404 69649 74531 75567 75694 77305 95085 
160 16
3242 8044 11618 12217 18127 25390 27664 41226 48510 51145 71889 77017 90695 91727 95331 97339 
161 14
7448 45419 45777 45963 46570 47263 49448 51466 58092 79211 81376 94943 96465 98195 
162 19
3232 5420 12791 20399 21451 25561 36736 53455 57419 57452 57980 63258 63503 68616 71675 77681 80156 82818 89108 
163 11
4420 10060 16713 18620 27393 36018 43547 49186 56471 66424 99041 
164 20
705 2451 2822 2908 3057 16202 17900 26042 26313 34476 42814 45825 50070 53669 55460 57605 62079 72740 72856 78121 
165 19
6338 28355 29967 33518 37089 51720 56855 57068 70232 71402 76135 77356 77458 78531 78600 81958 82111 88798 91426 
166 14
8073 13328 40694 41074 45485 48163 56389 80126 87242 89617 91924 94813 96961 99042 
167 18
456 9431 15259 18981 19274 28225 35985 36303 45177 53815 57990 60871 62572 72109 80055 81155 82163 91886 
168 13
2077 14881 20639 28552 29298 36460 45973 52171 58465 63287 70949 83448 92582 
169 16
6516 11989 16510 24116 25353 34351 41858 64322 69006 79875 80122 82712 83015 88125 89528 98095 
170 14
258 22060 24541 31028 38329 41142 51364 57246 66916 74964 80726 83588 86734 91849 
171 18
1041 6770 8249 14190 19756 25686 28062 33601 43211 46997 52473 76712 77844 83172 93834 96439 96480 98551 
172 10
9363 27524 30433 31032 40484 42999 59860 70045 78037 94827 
173 15
9252 10732 17147 26205 27094 29838 33992 38423 39340 42684 55434 56740 58050 61914 94245 
174 15
2601 3230 7451 12827 17473 18357 22431 41936 48836 54250 56952 57313 69983 87113 93915 
175 14
4931 11424 30966 36466 62114 74652 75429 77880 87982 91350 91584 95975 99140 99355 
176 13
517 2223 10945 13606 16357 16998 19115 28722 52991 71113 73924 80255 85538 
177 18
722 859 24856 32108 35086 38787 41033 45612 56212 56541 58466 58838 63728 68856 74013 79625 86060 95196 
178 14
7805 15008 15696 20627 22363 24744 30541 35873 37052 48325 52494 67149 68949 95541 
179 13
2129 19312 19539 21760 26311 34322 47874 58435 61334 72636 83024 90244 98043 
180 20
862 3243 20863 22770 31588 35394 52970 53633 54866 56086 57753 65750 71005 72660 75870 79716 84541 87213 97815 98128 
181 12
704 8538 9526 33637 45774 50000 66738 72058 73019 88702 94684 97164 
182 13
23714 32343 35894 39468 43591 48312 49280 52557 59234 60370 68537 84912 98462 
183 16
11152 11397 12614 13504 16414 21933 22382 24770 43021 49796 57239 58566 65872 69806 88463 95173 
184 18
19888 21874 29786 30330 31799 33146 33259 33542 34924 40236 41179 56326 64993 66491 69535 71043 80850 87278 
185 20
1563 1773 8286 8393 18316 20578 22544 23743 23847 23886 25879 31531 34603 42303 51679 54999 59268 66884 68514 92716 
186 16
8967 9144 9510 20557 21969 23306 35534 38500 58615 59043 62546 71948 85818 88442 94298 95871 
187 12
1131 2104 8958 14574 16673 20996 37435 65305 71418 83417 89318 90225 
188 14
6047 20310 44499 47202 77152 79917 81597 82222 84003 84319 85481 85832 89969 98908 
189 20
558 19050 19259 25200 35951 46361 50049 59556 66236 67725 71241 75804 81063 82215 83098 86126 88865 93551 97186 97539 
190 16
385 467 892 8471 13152 22827 31629 38946 40913 43926 47240 47540 72815 74195 79368 92682 
191 12
6969 9025 13430 18918 20994 29405 51104 65917 68432 81370 90844 96170 
192 19
842 3792 8270 12389 13411 19879 31362 35813 43949 50754 53954 62194 75505 76387 82040 90510 92427 96130 98221 
193 15
1573 5101 9885 14292 23224 24075 33768 33772 39433 52786 62625 77694 82723 96349 98527 
194 15
9573 12702 25795 28497 30774 34945 43425 49854 64388 66598 70160 74088 82197 87105 89950 
195 15
12114 17296 20739 27035 36881 40808 43280 53204 60511 69838 73457 78174 78402 78693 78761 
196 10
5115 13141 21560 22238 33435 49095 66180 83139 89215 90527 
