35
0 344
386 593 693 986 1177 1734 1970 2407 2500 2797 2846 2885 2926 3066 3313 3342 3951 4113 4213 4290 4328 4374 4476 4731 5325 5610 5683 6093 6580 6600 6970 6973 7072 7180 7292 7481 7563 8024 8351 8602 8674 8930 9027 9069 9441 9591 9857 10108 10284 11006 11007 11917 12261 12286 12421 12749 13782 13975 14100 14769 15755 17643 17880 17983 18088 18369 18709 18877 19265 19369 20380 20438 20886 21671 22260 22510 22580 22599 23462 23922 23954 24867 24972 25170 25355 25592 25685 26092 26528 27615 27656 27863 27933 27998 28322 28604 28683 28809 29026 29259 29628 29655 30262 30407 30475 30623 30769 31074 31470 31633 31819 32003 32237 32267 32366 33315 34352 34373 34505 34541 34608 35107 35197 35319 35444 35512 35661 35983 36490 36651 37116 37367 37567 37903 37925 37940 38069 38182 38183 38494 38677 38880 39198 39492 39496 39635 39752 39973 40061 40455 40929 41060 41071 41289 41328 41469 42126 42234 42332 42434 42557 42729 42800 43074 43162 43297 43658 44167 44402 44616 44902 45358 45410 45572 45680 45717 46257 46583 47044 47842 48125 48814 48946 49247 49538 50047 50317 50394 50523 50592 50618 50625 50872 51722 52050 52090 52440 52465 52583 52906 53602 53706 53941 54534 54633 54664 54810 55326 55913 56271 56286 56984 58636 58955 59126 59278 59703 60041 60944 60979 61524 62436 62548 62860 62989 63100 63214 63263 64075 64658 64691 65211 65316 65856 65959 66827 67463 67516 67555 67732 69055 70371 70381 71126 71381 71589 71630 71844 71846 71970 72715 72752 73153 73467 73775 73947 74214 74370 74650 74784 74985 75179 75458 75985 76166 76197 77669 77738 77763 77895 78361 79038 79283 79315 80092 80118 80160 80191 80354 80636 80650 80909 81264 81433 81797 82252 82801 83261 83315 83655 83832 83834 84637 84835 84948 84991 85336 85368 85809 85867 85925 85964 85982 86227 86242 86342 86413 86636 86920 87332 87833 88953 89497 89603 89610 89805 89917 90797 91345 91648 91865 92380 92397 92730 92963 93078 93442 93817 93968 94267 94965 95567 96284 96360 96613 96727 96897 97495 97566 98633 98726 99567 99630 99650 
1 191
832 1143 1635 3018 5001 5029 5193 6613 6634 7024 7408 7488 8155 9310 9748 10004 10452 10478 10503 10632 10824 11646 13488 13602 13872 13998 14717 15067 15231 15573 16012 16133 16552 19217 19284 19598 19789 21107 21461 22257 22281 23162 23195 23237 23403 23440 23528 24029 24503 24512 24778 25098 26773 27478 27505 28005 28205 29694 30413 30457 30904 31484 31608 31711 32625 33270 33956 34274 34306 34941 35066 35533 35534 35715 35798 37057 37538 38232 39012 41451 41761 42013 42330 42548 42666 42773 43963 45196 47595 48013 48266 49449 49568 49920 51880 52013 52096 52395 52943 52947 54665 55396 56547 57438 57528 57632 57996 58385 58707 59588 59756 60042 60337 60341 60662 61581 61664 61705 62250 62374 62700 63095 63727 63867 64513 65744 65951 66257 67569 67861 68319 68786 69916 70767 71704 71981 72367 73040 73594 74301 74509 74637 75417 75524 75605 76801 76944 77787 78336 78346 78575 79187 79850 80360 82272 83730 83903 84236 85084 85784 86247 86855 87307 87615 87732 87749 88218 88578 88927 89128 90038 90423 90446 91067 91338 91868 92035 92344 92801 93871 95719 96227 96254 97712 98219 98256 98332 98736 99581 99897 99992 
2 42
990 3694 4797 4967 7988 9816 14231 15378 15822 18725 18731 20070 20417 21110 22850 25309 28336 28678 29076 31577 32282 33458 37448 40238 46105 47713 56751 57618 59076 61729 63065 64189 73076 75008 80013 80121 81648 91892 92753 94531 94927 94929 
3 180
2044 2672 3182 3433 3441 4680 6839 8265 8942 10564 10713 10918 11266 12313 12452 12927 13093 14165 14297 14314 15600 15783 16003 16606 16930 17159 18150 18151 18435 20859 21200 21553 22092 23114 23645 25909 26969 27695 29278 29482 30058 31286 31385 32337 33433 33851 34005 35404 35886 36258 36317 36400 36759 37300 37342 37991 39257 39655 39783 39813 39828 40669 42128 42482 42871 43225 44217 44377 44635 44756 46022 46044 46298 46892 47098 47794 48486 49109 49288 50474 50847 52245 52580 52652 52823 53018 53186 53807 54174 54311 54605 54841 56357 56487 57108 57446 57479 58013 58029 58135 58173 58353 58824 58996 59104 59357 59514 59966 60005 60957 61546 62252 62652 62796 63000 64046 64064 64947 65786 66113 67101 67221 68437 70134 70219 70555 71812 72141 72235 72246 73607 73624 75468 75469 76760 77965 78340 80309 80466 80494 80930 81346 81436 81702 82055 82935 82950 83251 83466 83803 84246 84615 86070 86353 86548 87863 89308 89708 90174 90944 91140 91331 91679 92469 92895 93333 93798 94287 94767 95207 96173 97028 97069 97814 98197 99106 99439 99447 99468 99576 
4 179
500 798 2463 2537 3510 4502 6229 6885 7824 8058 8254 8822 8963 9214 9276 10133 10270 10378 10566 10649 10722 10958 11444 12738 12769 13459 13949 14304 14317 14716 15042 15220 17525 17981 18401 18817 18929 19523 20595 20618 20872 22452 22464 22547 23155 23637 23982 25618 25789 25886 26391 26777 28646 28776 29095 29599 31583 31696 31792 31966 32193 32918 33439 34571 34882 35017 35357 35998 36513 37790 38590 39300 39608 40721 40849 42005 42828 43972 44085 44206 45270 45298 45667 46124 46852 47285 47642 47828 48298 50258 50355 51254 51836 52775 52890 53009 53674 54036 54536 55115 55431 57020 57089 57641 57862 59459 59690 60058 60243 60389 60691 60952 60967 61491 61781 62125 63122 63354 63539 63942 64104 64364 65420 65444 66497 66572 67829 67907 67940 70126 70629 70830 71074 71697 72166 72571 74155 74405 74548 75201 75278 76326 76762 77231 78140 78370 79448 79514 80830 81122 81835 82428 82523 83249 83815 84368 85901 86652 87330 87841 88317 89579 90954 90964 91180 92524 93704 94789 95670 96005 96362 97178 98057 98807 99188 99251 99684 99766 99850 
5 169
507 946 1120 1151 1555 1716 2041 2438 2569 3926 3940 4830 4878 5022 5155 5283 5302 6764 7243 8369 8401 8797 9964 10897 12468 12594 12689 13035 14937 15140 15209 16934 17734 18230 19965 20225 21103 22609 23530 24018 24058 24126 24656 24862 24906 27074 27963 28399 28799 29451 30326 30427 31331 32279 33414 33777 34043 34176 35008 35349 35796 36496 37178 37217 37686 38077 38542 40240 40260 40395 40476 40488 41400 42071 42461 43136 43433 43825 44447 44826 44977 45137 45218 45273 45691 46051 47342 48250 48386 49052 49597 50505 50788 50987 51534 52335 52534 53033 54070 55119 55727 56438 56891 58082 58087 58285 58914 60212 60960 61437 61703 61769 61989 62827 63060 63062 63209 64565 64685 65479 65616 65792 66295 66601 66802 67591 67607 67882 70653 70753 71434 71722 72719 72911 73482 74167 74693 75696 77091 77979 78215 78509 78864 78892 79058 81781 82939 84668 84843 85659 85840 87182 88535 88568 89397 89563 89836 90347 91065 92518 92727 93154 97144 97851 98381 98439 98733 99343 99423 
6 161
549 1202 1246 1314 1512 1972 2619 2746 3455 3475 4349 8417 8840 10714 12574 13179 13607 13692 13776 13812 13965 14000 14510 14734 15825 16390 17066 17370 19403 19913 20519 21394 22232 22808 23172 24858 25845 25892 26361 27187 27357 28836 29534 30435 31067 31318 33047 33360 34106 34230 34345 36020 36480 36648 36822 38100 38706 39414 39759 40293 40306 40647 43681 44055 45165 46414 47441 49272 49378 49436 49718 49857 50266 50412 50711 50881 51029 51790 51851 52344 52672 52798 53236 53392 53700 54052 54681 55748 55803 56340 57203 58148 58551 59067 59070 59098 59349 60754 61010 61131 61761 61868 63691 63824 65382 66046 66305 66587 67262 67278 67461 67576 68744 68811 70121 71020 71954 72115 73384 73662 75874 75999 76143 76920 77682 80328 81494 81603 82117 82237 82612 82665 82917 82949 83437 83620 85864 86332 86454 87458 88097 89658 90772 91321 91430 92291 92762 92829 92884 92957 93070 93535 93799 94432 95094 95667 96654 96889 97551 98823 99857 
7 158
20 598 819 911 2595 3684 4178 4625 4759 5438 5948 6381 7276 7992 8404 8748 10684 10810 11081 11578 11803 12230 13721 14575 14661 14906 15406 15797 15829 18730 18983 20035 21067 21637 22124 23266 23689 23873 23995 24103 24486 24954 25556 26576 28078 28118 30436 31007 31801 33086 33118 34995 35358 36827 37174 37375 38007 38237 40956 41371 41423 41620 42857 43103 43898 44113 44752 45381 45419 45936 47178 47706 47904 48248 49120 49231 49559 50642 51238 51537 51594 53235 53571 53956 55495 55610 55805 56089 56231 56691 57120 57380 58708 61185 64488 65072 65095 65487 66005 67583 67809 68528 69333 70050 70343 70769 70857 70880 71137 71328 71728 72984 73285 73471 74027 74304 75210 75688 77021 78238 78467 79108 79896 80107 80513 80522 80887 81962 82338 82477 83059 83629 86948 87916 88170 88716 89295 89820 90320 91396 92566 92947 92979 93536 95025 95101 95126 95133 95139 95150 96460 96980 96985 97823 98510 98533 99321 99380 
8 150
687 1787 2026 3046 3693 3894 5972 7121 7774 8910 9157 9192 9358 10019 10279 10745 10885 11084 12540 14503 15766 15956 16081 17757 18985 19465 19651 20778 21350 21782 23957 24328 24654 26497 26499 27148 27513 28406 29457 31115 31970 32146 34812 35713 36488 37171 37185 39123 39495 39637 39985 40713 40848 42769 43883 44366 44877 45945 46605 46785 47436 48529 49127 49133 49375 49622 51206 51380 52227 53001 53275 53897 54447 54548 54977 55297 55920 56358 56408 59433 59667 60885 61053 62365 62373 62654 62671 62813 62861 63072 64473 65109 65890 66380 66863 67394 67581 67853 68293 68750 69739 69799 70032 70189 71153 71454 71694 72437 73556 74177 75049 76266 76554 76938 77929 78220 78801 79125 79418 79998 80011 80408 80723 81013 81099 81498 82245 82835 82842 83340 84529 86507 86758 89828 90853 91434 91517 91531 93859 94025 94495 94549 94807 95311 95522 95679 96462 97756 98198 98639 
9 120
440 774 1156 2360 2637 2951 5702 10018 11281 11567 13669 14030 14719 15223 15266 15585 16908 18195 18740 19615 20547 21228 21253 21884 22072 23910 23941 24507 26265 26493 27652 27808 27951 28593 29982 30912 31675 33749 34007 34020 34328 34593 35210 36079 36130 37384 37575 37591 39295 41680 43302 43622 48135 48318 49508 49918 51333 51351 52267 53130 54739 55213 56462 56608 56859 57306 57664 59200 60031 60314 60835 61072 61098 61494 62101 63129 63906 64720 64922 67454 70758 71596 72000 72772 73792 73889 74078 75089 75525 75633 77792 77799 79091 79768 80867 82165 82632 84516 85344 85594 85627 85938 85995 86349 87159 87391 87693 87781 89933 91316 92324 93890 93949 94359 94373 94579 96945 97043 97122 98835 
10 276
168 576 725 999 1352 2296 3972 4257 4615 4741 5675 5693 6100 6133 6244 6520 6953 7318 7708 7745 7905 8427 9087 9156 9363 9504 9735 9989 10167 10828 11034 11783 12068 12129 12367 12427 12571 12953 13134 13326 14129 14238 14911 15000 15043 15159 15233 15393 15481 15703 16027 16703 17202 17268 17359 18079 18290 18345 18732 19831 20172 20323 20333 20422 21832 22431 22566 22742 22745 23021 23505 23547 23646 24098 24407 25116 25262 25459 25617 25963 26319 26365 27121 27716 27934 28204 28920 28921 29249 29379 30029 30056 30388 30551 30612 30688 30867 30884 31021 31350 31546 31629 31669 32740 33057 34244 34299 34944 34993 36378 36391 36403 36546 36650 36905 37181 37307 37446 37524 38095 38181 39219 39311 39327 39445 39921 40126 40324 40416 40743 40921 41449 42416 42445 42668 42793 43237 43686 44294 44857 45226 45235 45269 45531 45988 46271 46376 46615 46702 46711 46942 47077 47565 47629 47710 47856 48460 48598 49365 49479 50032 50120 50281 50437 50442 51502 53072 54106 54338 55627 55825 56470 56941 57287 57697 57983 58766 59091 59587 59708 60920 60939 61714 62015 62063 62351 63480 64399 64589 65059 67412 67417 67606 68921 69080 69427 69463 70303 70825 71504 72225 72441 72644 73101 73676 73988 74115 74119 74469 74541 74720 74933 76430 76568 76808 77069 77223 77717 77920 77921 78267 78594 78842 78903 79211 79388 79570 79827 79926 80657 81383 81938 82184 82662 82970 83125 83449 84146 84242 84300 84316 85242 85304 85606 85654 85747 86156 86294 86370 86880 86896 87189 87352 88118 88451 88671 89312 89342 89592 90872 90969 91079 92120 93354 93457 93513 93641 95090 95195 95392 95583 95880 96370 97309 99763 99956 
11 133
671 769 1432 1913 2668 2758 3349 3496 4431 4629 4757 4961 6727 7123 7852 8146 8180 8405 8927 9292 9447 12830 13610 14221 15532 16192 17998 18772 18989 19205 19812 19985 20716 21297 22172 22592 23275 25518 26035 26742 27987 29596 30135 30217 30295 31130 31685 32896 33356 33656 34986 36667 37238 39321 39381 40650 42114 42196 42869 43000 43021 45863 48350 49619 50145 50247 50268 50940 51947 53399 53447 53468 53751 54003 54030 54478 55550 55622 57442 57529 59254 59377 60070 61189 62738 64604 65205 65300 65337 66501 66759 68135 68595 68927 70550 71473 71649 71817 73750 74029 74430 74610 76203 76471 76713 77427 80034 80329 80700 82202 83762 84251 84939 85458 87112 87124 87287 88079 89340 89912 91163 92889 93060 94426 94540 95002 95370 95909 95954 96556 98677 99116 99272 
12 124
857 1400 1596 2587 3893 4059 4160 6677 7790 8238 9369 11491 11935 12610 12653 13317 13553 13735 14563 15632 16569 17505 18501 18702 18915 18965 19602 20543 20919 21700 21825 22382 22637 22798 23190 24226 24411 25312 26002 26929 27344 27406 29552 29785 29943 32724 33262 34953 35270 35272 35323 35398 35850 36347 37143 39015 42154 42185 42730 43202 44570 45311 46326 46482 49147 49524 50634 50948 51197 52216 52983 53167 53885 54303 55510 55531 57330 57757 58245 59281 59422 59710 59751 60605 60974 64071 64977 65567 66663 67208 68806 72475 74040 75669 76646 78145 78329 78719 78925 79519 80052 80094 80151 81461 82594 83841 85490 85531 86086 86664 86755 88178 88541 90696 91612 92619 93190 94042 94665 96092 96136 96508 98295 99070 
13 2
27540 35977 
14 232
665 932 1643 1920 1932 1968 2363 2625 2636 2938 3085 3112 3345 3514 3531 4142 5231 5453 6060 6108 6243 6875 7329 7382 7494 7921 8134 8324 9458 9596 9684 10111 10407 10857 10910 11120 11247 11408 11674 11990 12177 12209 12848 13862 14198 14234 14861 16565 16805 16841 17597 17743 17850 18012 18069 18161 18857 18881 19019 19024 19350 20268 20885 21066 21286 21603 21768 22302 23233 23312 23758 23769 24625 26073 26530 26927 27805 27838 28025 28950 29953 30438 31162 31206 31409 31658 32304 32644 33114 34426 34797 35580 36494 37632 39065 41030 41117 41233 41422 42097 42288 42305 42697 43241 43370 43543 43779 44847 46011 46386 46881 46980 47240 47387 47396 47453 47959 48305 48561 49379 49576 50766 51080 51709 53499 53654 54065 54285 55382 55883 55925 56561 57127 57773 58155 60846 60998 61250 61447 62190 62804 62979 63230 63256 63629 64971 65062 66087 67345 67927 68409 69252 69919 69955 70565 71146 71783 72065 72217 73009 73444 73513 73800 74402 74436 74619 75088 75207 75399 75463 75711 75879 75947 76451 76609 76897 77024 78510 78629 79791 80308 81158 81179 81800 82445 82916 83139 83418 83430 83438 83585 84072 84153 84742 84768 85107 85436 85613 86532 87647 87652 87879 87911 88025 88311 88598 89729 90399 90912 91002 91467 91649 91814 92255 92468 92913 93413 93754 94046 94230 94416 94599 94606 95085 95454 95458 95501 96464 97442 97696 97984 98414 
15 52
2377 4021 5588 9016 10501 11840 12479 13566 14554 17290 17303 18515 21254 21800 23109 23511 26268 26406 26991 37098 38930 41329 44833 52785 53039 57642 60303 60533 62347 62894 64708 65137 66024 70169 71984 72094 72969 73713 74080 75048 76142 79324 80815 87654 89491 90172 93042 94771 95922 96024 98349 99087 
16 103
259 668 1084 1374 1537 2023 2649 4859 5259 5382 7320 7497 9434 10232 10565 11584 13654 14823 15493 16585 16781 17794 18885 20217 20449 21668 21816 22955 23501 23843 24076 24457 24576 25049 25288 25958 27411 27498 28842 30381 30622 31001 31177 32637 33316 34547 36263 37410 40974 41057 41307 41404 42799 43930 44661 44663 44870 44993 45052 46752 47273 47940 50310 53059 53250 54700 54747 54986 55094 56034 56314 58015 58638 60320 62057 62233 63138 65878 67627 69081 69747 75544 76488 78008 79960 80356 80654 80795 80932 86053 86513 87110 87997 89860 90599 93553 94071 95683 96452 97405 97809 97884 99004 
17 194
602 838 1075 1208 1375 1676 2883 4490 4974 6462 6625 7099 7743 7985 8434 8856 8923 9494 9711 11596 12725 12761 13041 13287 13322 13368 13807 15212 16313 16466 17022 17536 18025 18524 18883 18906 19144 20101 20111 21007 21039 21272 21609 21641 21772 22596 23031 23586 24612 24724 24725 25223 25367 25555 26097 26856 28225 28504 28770 29555 29925 30193 30239 30762 31762 32380 32998 34249 34977 35411 35503 35595 36109 37637 38879 38975 40099 40628 40695 40771 40780 41044 41308 41957 42214 42387 42473 42969 43542 43758 43839 44202 44791 45257 45392 45815 45956 46116 48175 48275 48497 48986 49423 49851 51143 51340 51414 53834 53958 54346 54453 55693 56261 56353 57031 57262 58179 58614 58810 59233 59288 60650 61109 61126 62907 63203 63255 63271 64074 64259 64471 64630 65942 66108 66431 66474 66744 68226 68736 69295 69430 69707 69785 69844 69965 72047 72784 73534 73846 74398 76206 77078 78454 78596 79528 80226 80649 80808 81937 82436 83220 84283 85888 86323 86571 86766 87135 87428 87792 87846 88033 88110 88155 89017 89776 90044 90720 91946 92422 92816 93812 94141 94158 94971 95172 95623 95859 97155 97204 97369 98775 98799 99491 99972 
18 174
202 658 3418 3895 3985 4121 4437 4856 4901 5147 5770 6173 6527 6762 7009 9063 9347 10540 10619 11404 12079 12435 13098 14954 15202 15763 16557 16862 16924 17462 18293 19431 20465 21127 22000 22694 22756 23676 23826 24171 25482 26225 26323 26961 27307 27639 28176 29113 29138 31165 31166 31182 31268 32055 32702 33141 33325 33717 33890 33913 33960 34185 34443 36744 37195 37514 37535 39108 39250 40425 40871 41023 41358 42237 42396 42825 42993 43167 43401 44156 44328 45096 45206 45887 46832 47118 47122 47697 47721 48015 48023 48867 49194 49609 50126 50977 51739 52094 56179 56296 56714 57191 57361 57852 57864 58089 59095 61192 61492 61666 63304 63764 63944 64212 64739 64859 64905 64923 65553 65893 67920 68058 68664 69242 69599 69670 69748 71056 71205 71946 72008 72043 72418 73823 73935 75502 75875 76327 76668 76964 77529 78218 78466 79560 80708 82373 82652 82885 83966 84545 84571 85811 85923 87013 87500 88777 88846 89851 90274 90390 91656 92918 93222 93791 94175 94241 94775 95510 95798 96762 96793 96879 98401 99743 
19 80
907 1282 9514 10914 12750 13489 13844 15675 16584 17037 18010 18631 20669 20680 24792 25256 25752 27547 27713 31553 32674 33849 34537 41495 42987 43439 44088 45370 46611 48212 48396 48869 49777 50583 51023 52677 53840 54371 54730 55726 55807 58792 60037 60482 61567 63804 63981 64381 65079 66779 67087 67206 67353 67725 67810 68672 72106 72748 74670 76593 76802 77568 77602 78143 81010 82501 85909 87804 87898 88420 90738 95273 95440 96566 97261 97325 97541 98049 98338 99751 
20 77
162 2939 3247 3920 4469 6887 7440 7890 8790 10288 11759 13394 15045 17051 20165 22397 24558 24741 25003 25290 27095 29089 29235 29644 30717 31139 32321 32866 33207 35016 36339 37292 39858 42656 43545 46418 46954 47688 50102 50732 51823 55231 55246 56090 56322 57635 60279 61443 61468 61675 65383 69067 70603 70650 71505 72024 73703 75812 76295 76655 76950 79116 84373 84378 85615 85919 87670 87764 88442 91341 93110 96020 98434 98849 99016 99216 99589 
21 150
922 1169 1547 1710 2051 2720 2742 3337 4058 4219 4416 5006 6117 6246 7501 7574 8107 8747 8796 9592 10263 10624 10676 11193 11337 12136 12369 13321 13390 15604 17053 17236 18135 20207 20251 20824 21223 21280 22307 22343 23317 23396 23655 23791 23915 24365 26496 26677 27488 27585 29104 29198 29237 30487 30644 30855 31548 33049 33763 34089 34129 34691 36135 37688 37701 39325 39702 40890 41346 41394 42165 43956 44596 45592 46222 46246 46939 47558 47930 49258 49916 50460 50730 52028 52359 54054 55831 57915 59246 59691 59896 60502 61863 62828 62839 62922 63175 63215 63615 63938 66247 66387 66644 67299 68085 68562 69990 70596 71370 73730 74854 76219 76606 76677 77218 77397 77537 77613 78154 79214 80252 80326 80597 81065 81066 81319 81491 81896 82199 82344 83318 83485 83672 87838 88989 90824 90943 90995 91218 92058 92168 92674 92742 92999 93343 93796 94069 96417 97738 99692 
22 65
360 370 417 1484 2614 4845 5177 6444 8244 8935 9421 10324 11911 13921 17045 17725 18334 19692 19783 20530 21519 21534 24274 24327 26285 29352 34708 35839 37469 41357 41401 41665 45766 46282 46489 48274 48809 52109 57278 58689 58856 58985 62209 62534 64311 65172 68571 69086 70369 70480 71199 73075 74413 74666 78334 79285 79700 81449 81887 82379 83009 84526 87451 90851 94890 
23 64
254 519 828 2504 2763 4093 6456 6991 8573 8932 10477 11452 13925 15363 19143 21372 22997 25452 27299 30515 35373 38372 39629 41086 41234 41670 47373 48535 49443 49586 52401 52713 53801 54998 57563 59607 60914 62262 63864 63986 64256 64426 69900 70149 70233 70685 71237 72134 73710 74664 76251 83254 83647 85142 85204 86991 89449 90837 92839 93826 93925 96364 97963 99396 
24 108
1209 1460 2620 5424 5467 10246 10479 10675 11379 11396 12157 15241 15633 16276 18389 18706 19517 19917 20526 21325 22717 23374 24468 25373 25894 26277 26771 30426 31907 34227 34659 34763 34878 35663 36138 36376 36853 37544 37966 40047 40796 41440 41466 41805 44116 44118 44512 46500 48168 49464 50425 50717 52861 52964 53086 53686 53962 53984 57054 57363 57421 57530 58000 58035 58326 58569 58704 58869 59034 60675 61403 61671 63420 64216 64677 65966 66529 67476 68383 69166 69326 73409 74054 74083 74106 74458 76560 77008 77713 78064 78069 79726 80884 82340 83546 85196 85961 86479 88361 89272 89341 91770 92145 93518 94370 97311 99585 99663 
25 47
561 843 2233 2236 2931 4085 6573 9626 10086 11683 14740 20283 22455 28114 31396 32086 42929 43358 49135 51205 52540 52692 54879 55072 57340 58719 59807 64449 65500 65977 67552 67573 67897 68540 70560 72337 75111 81291 83395 83780 87067 88113 90224 92453 94974 98126 99792 
26 38
2310 2373 3353 4697 4836 5360 8634 10013 18406 23838 27409 28224 31213 41836 43637 44325 47293 48061 51765 53060 54188 54467 56977 58238 60531 64515 65706 72167 76826 77585 81514 81743 84825 85260 86788 93743 93913 95408 
27 74
1387 1477 2425 3036 3037 5837 6556 6790 8551 9444 11489 11962 12091 13614 14915 15275 15517 18210 18349 19912 20142 20729 21533 23675 25093 27164 31041 33805 35985 36395 38818 39425 40689 41306 41375 47310 47708 48201 48688 50588 51399 52098 52648 52942 53221 54093 55834 57639 58487 58666 59904 60194 60881 61488 61839 62938 63945 65100 66789 70204 71449 71562 72794 72891 73124 75837 80607 83355 87437 89356 95971 96061 99182 99898 
28 56
956 2300 2400 4492 7734 13201 16770 17584 17594 18683 18920 20486 21500 23815 24905 29042 29589 29888 29901 30264 30750 38361 40733 41067 43862 44211 44455 44903 46587 48660 50221 50307 52613 58542 64667 64697 65789 69324 71187 71675 72902 75419 81330 82336 84312 85889 86964 87780 91492 92264 92459 94988 96444 97254 97677 99507 
29 25
3288 6489 20784 24262 27010 28421 34455 37515 37727 39188 40204 42465 49417 52091 52782 69937 74075 86821 87251 88351 90096 92416 96253 98320 99150 
30 19
2533 9443 11460 17228 20228 20834 29647 36743 38702 51566 53586 54480 62833 70543 73689 74656 74817 81945 84019 
31 32
4283 4564 7206 8279 9712 17689 23038 27096 32030 32206 40671 41167 43305 43896 45106 45368 48614 49970 51582 51788 59371 67827 67839 72377 76002 76474 80747 84387 88695 96263 96574 97170 
32 28
10661 13621 15943 24047 25900 28638 30094 33623 35495 40315 45394 46499 50311 52102 53781 55932 58108 58363 74031 74624 84623 85411 86473 88279 90386 91126 92837 95726 
33 20
1667 2789 8608 12405 24606 27073 27785 30964 37500 39007 45142 52338 60906 60949 74466 79483 81419 94172 97919 99583 
34 1
71462 
